102,147
72,11
28,219
238,106
177,193
76,4
7,240
224,12
100,110
105,95
196,153
143,16
57,166
66,73
10,228
234,209
102,2
134,185
49,1
193,41
67,35
66,42
142,124
62,200
11,116
81,122
38,166
142,186
216,41
160,134
230,31
225,11
166,161
175,139
5,42
6,22
227,127
44,36
173,235
91,152
2,130
116,103
66,222
132,100
225,12
66,24
152,154
36,153
231,159
186,196
25,3
192,84
214,97
144,137
14,83
100,129
169,178
157,47
169,141
29,151
227,175
167,196
124,198
61,157
247,56
235,60
42,153
4,68
249,237
60,183
177,29
191,115
237,83
166,24
74,193
118,52
202,161
30,119
55,134
240,236
225,158
42,165
75,117
59,70
18,39
49,221
148,238
148,19
45,168
20,148
78,139
139,223
140,65
188,30
66,187
113,67
68,187
91,119
236,10
238,14
50,231
9,103
197,87
1,153
181,213
51,143
122,174
217,92
177,91
245,24
228,170
43,138
19,184
82,237
89,119
205,163
129,87
105,153
19,21
207,143
103,65
30,136
52,119
142,29
10,215
40,3
55,215
70,185
94,132
126,11
233,122
173,15
216,7
153,9
218,190
232,112
16,32
117,27
179,43
11,28
62,239
150,105
72,183
117,135
35,73
195,90
148,159
2,158
238,248
69,143
162,95
247,182
194,49
171,9
220,110
104,88
53,226
135,9
72,58
58,55
88,205
5,175
9,210
169,217
210,138
185,107
232,209
56,2
54,67
229,157
6,206
163,176
94,157
6,246
205,189
190,93
149,142
225,58
2,114
75,178
166,104
183,200
22,222
43,88
29,109
237,142
232,152
240,145
102,249
83,116
132,59
125,201
234,216
101,22
85,128
170,181
98,207
245,54
9,205
24,246
158,87
180,79
186,212
176,43
109,64
212,112
112,95
228,218
100,169
171,112
154,240
192,123
133,116
201,183
59,219
38,70
98,206
119,73
37,77
133,234
3,93
85,48
101,105
101,64
60,127
37,8
234,239
12,183
104,136
29,5
189,7
132,36
200,70
212,247
223,60
74,30
84,133
126,65
220,8
15,72
119,12
21,145
87,47
50,120
22,176
185,225
58,16
46,89
204,115
8,210
38,61
201,107
65,62
150,42
3,12
195,17
110,183
205,249
53,243
162,190
72,25
49,90
243,124
65,73
218,61
93,16
38,233
43,114
92,64
81,58
21,134
14,155
205,226
222,189
108,93
99,195
111,182
9,53
122,37
239,221
222,215
114,21
240,226
219,179
25,11
230,177
244,117
217,166
46,55
146,233
57,168
24,51
117,144
127,191
62,232
137,220
146,166
41,59
117,25
77,22
74,107
112,57
249,144
133,145
127,246
192,244
5,164
186,219
73,212
52,144
110,66
40,241
18,160
146,55
91,6
169,249
66,120
113,161
135,123
175,139
2,11
197,205
23,62
242,133
145,62
14,144
148,154
24,92
72,16
248,155
73,144
218,96
121,32
5,240
115,235
9,50
33,163
6,92
3,247
194,15
7,169
59,61
140,99
229,214
107,67
218,213
249,151
141,76
202,21
205,3
13,180
211,199
144,129
198,198
227,143
169,125
147,68
89,78
108,65
166,43
17,141
79,94
52,88
233,199
70,87
244,8
40,98
244,107
191,34
40,26
68,48
24,242
204,190
96,169
230,45
127,141
71,46
55,107
17,189
7,155
131,228
166,48
241,11
174,88
180,130
39,114
121,21
118,214
220,108
246,39
81,98
45,113
132,208
244,17
248,35
210,231
36,65
197,9
124,249
27,15
86,245
227,195
162,209
35,161
72,239
214,26
238,221
139,180
40,205
189,237
56,162
235,176
3,215
9,99
82,218
57,45
147,212
232,83
194,244
186,2
95,172
208,82
165,60
205,198
104,198
170,222
12,31
1,104
7,134
194,31
197,157
56,17
53,162
205,155
187,124
178,129
173,52
129,157
195,146
214,16
157,189
167,57
33,208
96,77
104,8
41,231
153,165
97,62
247,73
61,91
41,186
43,36
248,9
104,47
139,65
155,141
54,187
144,59
149,176
175,34
156,109
134,66
147,176
230,159
13,21
153,82
100,62
60,109
172,5
68,2
32,63
89,78
33,100
115,128
97,78
52,202
148,75
186,122
244,49
42,152
56,63
206,67
78,143
175,195
52,107
101,154
193,206
233,1
151,108
220,232
18,174
249,216
60,125
123,238
192,71
157,49
209,203
203,209
67,120
125,158
38,71
202,199
3,62
147,112
162,118
199,47
148,46
225,239
220,32
187,134
241,182
223,107
51,158
6,154
33,151
97,7
26,210
216,233
44,146
51,113
240,162
12,217
124,158
20,220
122,114
181,62
170,97
92,17
51,62
68,87
108,72
84,93
129,93
65,59
66,110
248,142
202,66
48,232
242,187
217,33
234,127
49,55
200,21
215,70
1,189
216,138
165,78
105,245
94,42
130,83
46,94
39,220
206,177
229,106
171,126
137,174
188,6
86,136
71,106
108,112
13,23
144,153
15,148
2,39
43,16
84,114
121,37
106,39
12,235
7,196
11,220
210,230
154,183
149,10
71,181
217,94
12,218
82,202
78,207
35,43
129,70
44,219
145,83
164,160
173,203
32,232
76,155
56,22
144,216
193,222
56,44
239,217
27,140
70,65
107,118
238,201
39,246
61,164
202,111
209,200
92,242
173,148
230,113
120,3
5,100
28,192
179,40
213,5
89,91
75,210
206,247
135,21
228,44
243,110
75,152
241,137
80,187
169,16
203,131
77,218
1,209
160,44
4,91
9,130
21,225
35,95
31,55
28,155
11,101
48,210
140,202
210,219
179,198
98,229
223,248
67,227
17,19
236,63
150,116
20,145
99,60
178,18
43,87
13,134
149,246
212,213
15,130
223,176
235,192
44,24
106,133
211,72
198,100
205,203
243,75
77,48
188,68
23,239
202,241
84,124
117,87
135,234
40,15
140,162
129,88
157,86
243,182
54,152
154,14
178,52
129,126
227,186
239,8
69,245
67,171
181,213
56,19
148,85
4,246
4,64
144,145
26,97
89,24
174,3
146,19
147,68
225,232
180,44
75,228
65,74
43,99
216,196
211,241
185,188
131,169
93,204
9,5
130,5
247,228
53,246
115,171
224,245
94,166
26,108
40,183
109,52
151,53
166,26
120,150
179,74
89,96
79,129
22,214
7,62
168,174
221,66
172,147
87,105
21,88
126,166
52,210
221,11
247,153
56,104
177,161
40,76
215,74
54,120
51,223
13,113
131,222
82,18
232,208
73,138
93,194
9,137
11,14
215,230
230,113
12,120
91,153
89,77
123,17
228,155
25,198
36,1
144,89
58,162
108,14
55,31
61,31
120,97
66,63
19,245
104,240
224,237
153,49
183,241
204,45
84,31
110,80
26,106
167,144
206,116
240,22
186,23
80,105
213,8
145,49
235,246
157,113
52,141
198,155
43,76
9,26
54,244
72,30
74,166
207,198
94,180
247,117
47,206
53,95
157,74
143,48
147,95
73,27
216,19
209,231
53,28
75,103
191,180
136,171
89,225
189,85
50,80
230,118
194,68
21,130
105,219
33,118
63,223
181,39
205,194
145,9
74,137
138,175
189,182
104,186
19,83
34,5
80,128
217,26
100,197
47,16
143,37
71,155
202,126
164,142
67,17
122,74
219,183
212,211
149,18
161,163
159,80
99,96
112,155
242,202
22,157
87,103
164,26
68,106
224,36
207,61
194,248
195,224
211,48
164,15
220,242
98,53
71,166
221,238
154,214
118,63
9,92
167,94
33,54
224,211
237,8
130,108
209,215
80,14
125,135
110,127
225,218
165,16
177,53
28,4
57,95
159,62
140,18
99,241
195,145
50,22
150,195
7,159
93,17
26,33
204,28
52,148
52,62
33,181
217,33
138,98
34,22
95,32
184,117
101,125
174,181
120,191
34,197
146,243
100,200
165,145
35,207
42,4
96,223
185,111
82,64
65,78
149,9
155,67
113,230
117,48
83,170
46,200
69,28
45,196
25,208
33,147
115,73
103,245
166,225
155,206
98,99
47,221
208,149
225,177
184,196
164,5
154,238
11,211
218,33
42,201
136,95
150,82
27,243
221,73
32,71
162,140
73,97
13,61
54,126
56,190
160,106
126,208
127,167
235,171
198,43
228,89
72,196
230,67
54,144
34,121
200,231
162,118
174,22
182,48
100,53
21,32
28,102
166,153
149,80
157,10
194,169
29,22
198,109
54,179
140,178
106,231
198,87
68,77
132,53
179,212
192,80
204,55
52,198
171,43
21,133
78,8
219,219
79,49
36,207
86,86
83,236
241,227
46,64
76,234
153,116
151,17
47,212
224,18
1,138
134,92
210,16
46,174
100,79
145,112
210,232
117,65
242,11
248,95
42,14
243,113
248,141
207,75
156,241
215,221
148,7
9,180
9,130
30,6
210,103
147,153
72,139
124,228
217,202
223,98
111,242
212,101
42,193
199,155
86,158
35,203
47,71
115,225
215,88
153,207
243,19
82,162
165,238
196,147
50,87
2,216
184,172
146,105
24,183
174,215
89,113
151,181
16,208
126,82
120,116
213,49
43,14
175,230
220,154
101,73
150,10
143,97
169,99
145,18
136,89
14,68
186,20
157,106
57,217
80,177
200,11
230,2
112,53
31,170
182,29
176,105
25,78
226,125
187,181
242,70
95,99
234,142
39,80
59,153
149,194
169,85
163,75
3,215
108,120
10,61
248,38
135,25
130,146
216,161
20,128
123,162
108,33
181,77
226,40
14,116
167,75
138,134
68,95
171,78
55,122
61,99
234,101
40,126
77,76
89,52
224,185
48,100
182,89
204,144
122,245
241,48
163,74
164,190
105,222
64,47
246,101
133,133
190,197
19,97
242,69
171,7
25,248
54,9
121,105
116,24
56,113
176,62
15,225
143,232
27,146
29,233
172,199
92,240
194,190
195,81
100,101
39,12
93,160
210,79
164,4
194,137
158,147
220,96
226,43
37,69
245,92
84,13
173,112
39,2
15,225
136,178
212,93
42,219
44,37
3,83
229,44
148,188
43,231
227,141
23,106
123,176
175,45
157,179
36,138
24,154
129,46
198,53
173,184
216,44
249,115
190,119
89,194
92,113
159,111
245,134
39,101
78,193
89,159
12,225
134,185
98,46
93,97
51,152
123,14
39,176
105,214
169,130
112,124
247,82
1,80
105,222
96,120
28,239
177,249
151,124
228,179
49,203
116,248
160,22
52,86
26,5
136,179
46,104
232,219
17,81
180,136
155,151
75,108
47,167
197,120
105,219
92,175
14,81
126,220
64,247
217,165
231,59
66,54
52,52
18,102
216,130
90,137
54,23
117,183
62,190
115,74
166,226
151,53
66,195
82,88
136,169
76,170
21,104
220,109
187,211
213,237
234,23
188,128
77,112
109,163
122,3
202,243
60,6
88,116
213,86
198,50
59,70
159,22
19,171
9,231
19,28
47,139
61,222
39,17
57,142
50,139
167,172
154,41
94,183
79,105
208,46
172,204
231,22
90,65
204,97
133,244
162,110
75,199
136,139
66,91
138,195
153,175
192,29
37,62
163,124
133,100
149,56
130,206
107,103
152,73
238,190
193,189
6,214
223,126
149,214
68,13
105,207
129,244
163,114
228,154
65,186
101,154
76,112
56,194
43,184
229,37
20,7
45,103
42,248
151,71
75,82
225,171
136,57
130,22
230,174
205,53
213,91
127,49
175,106
43,136
123,72
212,59
117,162
41,196
217,207
197,40
62,64
149,31
181,156
92,125
205,199
93,39
116,220
128,43
48,89
37,109
77,99
197,147
85,95
225,71
161,68
155,6
130,118
188,41
75,54
47,4
18,209
40,50
3,119
74,60
184,115
230,155
4,63
149,12
181,152
143,25
17,54
65,166
241,54
102,197
224,110
153,51
99,40
4,86
102,43
39,169
179,23
82,187
31,130
8,79
182,202
135,61
96,149
191,145
189,45
146,52
30,92
86,24
189,178
222,98
187,179
166,163
34,110
121,17
212,204
158,56
180,122
9,167
103,146
88,71
27,234
172,157
94,192
18,32
229,209
86,109
107,38
89,191
70,179
191,37
48,200
63,51
249,60
122,94
54,228
90,117
151,179
164,74
24,110
118,120
123,136
81,17
241,20
152,121
205,94
42,145
10,161
48,52
103,168
128,154
153,236
181,233
235,232
198,148
24,85
223,115
98,150
30,209
157,224
102,66
78,136
212,194
52,106
102,212
96,210
2,85
247,197
86,190
139,32
192,190
145,36
122,94
144,21
178,8
87,174
182,65
64,232
167,237
99,77
94,166
93,232
181,13
164,132
222,242
23,146
7,190
159,211
221,2
159,222
54,135
204,27
154,25
19,87
107,193
217,105
135,224
178,146
112,183
232,92
168,100
220,34
115,68
194,102
201,4
79,141
187,177
204,64
225,133
235,41
49,69
87,105
235,131
228,135
184,146
1,50
104,239
234,61
221,146
89,182
207,38
199,34
195,137
100,169
187,105
14,42
162,152
111,22
147,101
113,115
178,86
157,45
89,48
110,108
167,158
185,119
236,119
35,5
126,168
15,8
6,41
171,120
135,103
22,202
154,46
27,138
219,212
105,198
96,74
44,186
33,248
131,126
46,249
71,141
74,51
5,14
5,24
110,238
38,31
62,18
235,230
152,73
127,195
162,207
240,163
128,64
206,169
49,85
224,35
45,208
172,64
25,168
148,125
131,161
243,236
199,9
81,179
247,246
198,163
140,22
65,230
179,85
115,221
138,89
102,126
115,7
58,150
209,49
113,204
161,213
191,217
52,121
127,52
137,163
150,196
218,8
96,181
225,43
187,61
121,1
174,136
90,173
132,64
79,212
117,215
11,199
127,116
44,23
145,70
129,125
37,119
52,131
40,138
157,175
13,142
40,12
85,214
116,214
180,58
212,11
15,166
222,47
87,213
191,40
169,119
92,5
205,12
161,224
6,127
72,207
143,247
45,217
89,152
19,199
11,30
197,83
137,104
142,192
53,11
103,168
247,137
168,84
165,226
226,46
25,246
141,173
197,63
71,50
22,47
84,169
165,248
121,158
249,85
205,33
53,4
195,5
173,248
246,109
97,246
12,39
179,52
44,231
198,124
134,124
182,205
116,189
51,167
199,26
220,197
215,38
64,143
189,82
44,216
14,222
212,172
69,57
146,147
177,247
206,202
135,213
164,83
73,89
132,20
173,120
26,10
117,115
35,166
79,103
104,127
67,98
108,57
197,117
232,158
163,216
10,142
127,227
12,199
92,133
224,189
60,130
5,229
86,31
37,140
94,101
52,211
68,231
200,11
230,64
247,66
43,155
53,227
68,237
243,47
75,68
155,70
178,19
219,125
14,142
246,248
80,210
194,206
21,37
177,117
178,187
216,91
73,144
52,27
224,28
215,175
120,175
130,188
113,135
101,132
148,220
221,239
109,200
224,173
91,224
104,121
229,116
199,77
30,66
144,8
231,131
180,62
2,127
158,49
147,142
186,9
245,12
228,10
38,234
46,123
22,91
13,147
241,246
138,96
245,99
119,227
150,79
205,169
237,82
152,23
24,28
66,91
116,180
214,179
227,239
18,156
125,1
43,75
165,65
144,37
203,219
92,151
125,145
207,121
31,7
112,34
243,235
17,90
110,129
200,242
196,129
30,111
31,167
187,180
173,248
167,118
208,74
43,166
156,215
43,69
150,224
203,112
78,10
194,108
224,226
106,84
193,199
36,117
102,156
6,94
23,143
18,58
153,100
115,45
136,205
156,192
188,173
108,150
236,99
84,176
69,76
126,117
199,36
32,33
13,214
77,181
84,128
205,228
85,118
150,116
126,48
219,214
74,28
211,141
125,136
153,181
137,200
210,214
105,199
151,138
219,35
124,174
41,45
69,45
245,167
245,148
124,246
111,105
59,120
137,85
27,13
207,33
234,57
88,227
159,80
227,202
243,58
214,70
160,88
204,199
194,211
201,32
85,72
36,63
67,85
184,142
152,149
40,146
4,171
162,72
143,217
37,124
4,200
174,71
215,151
173,67
210,248
23,197
63,97
67,14
66,186
205,187
94,60
248,37
249,42
242,75
188,78
3,18
162,134
30,132
246,210
161,243
37,241
119,66
87,65
241,183
49,246
21,244
69,115
2,113
84,74
10,149
171,69
163,104
76,53
28,149
169,206
38,32
142,44
214,51
80,223
83,45
79,162
149,91
206,185
180,247
221,12
91,178
30,2
126,77
144,194
153,221
79,111
25,115
167,93
56,45
26,69
173,146
141,212
62,3
121,149
130,133
194,35
8,88
169,220
184,162
11,16
234,38
25,70
3,43
77,92
228,134
133,235
18,122
175,28
130,161
178,63
78,209
167,126
102,182
9,249
43,130
198,186
126,151
114,136
132,77
187,43
20,189
25,14
75,181
48,67
118,229
5,83
150,54
112,142
8,67
200,16
102,158
224,117
126,216
61,25
186,208
4,47
67,59
111,109
218,141
53,74
22,98
64,121
36,195
98,235
29,176
199,25
126,41
211,124
134,240
206,39
216,185
11,196
87,45
48,141
5,16
152,70
66,216
137,93
141,229
210,92
9,18
184,112
193,113
50,50
97,223
57,178
213,57
196,102
204,109
18,150
249,132
11,194
106,124
157,4
237,92
56,157
47,98
102,167
97,147
17,187
74,119
143,26
191,205
172,166
120,61
8,177
165,134
233,44
55,91
166,47
44,150
210,111
229,168
52,33
84,51
154,67
150,180
33,163
238,236
152,216
109,14
239,163
183,35
146,185
162,190
19,216
139,40
65,242
209,127
20,221
228,183
40,13
124,44
122,200
45,146
104,229
37,85
99,123
127,18
30,2
6,105
113,123
208,210
90,71
12,81
46,221
78,34
147,187
101,40
185,144
243,130
155,20
26,210
60,86
146,202
70,170
85,212
185,167
62,138
25,227
189,125
159,61
214,35
28,157
59,42
104,119
52,99
171,188
188,231
248,245
129,156
138,238
80,54
102,173
173,129
84,114
145,93
163,140
5,193
196,242
62,142
70,182
105,231
149,136
136,46
203,143
127,241
82,75
114,46
174,220
238,158
24,23
87,223
112,147
87,11
163,81
50,80
236,47
205,80
10,180
223,20
28,61
23,63
144,207
219,68
140,24
203,1
70,198
102,66
249,159
183,22
122,97
208,142
203,199
96,33
231,32
228,1
204,155
27,240
103,150
106,182
147,239
19,81
56,245
39,67
58,104
148,21
58,237
246,94
64,26
73,14
56,105
85,188
136,155
43,64
147,215
64,194
36,23
209,66
193,53
211,190
136,163
207,241
133,1
152,1
167,209
238,47
94,215
225,168
118,102
87,12
188,244
161,63
41,133
42,115
177,238
235,170
243,238
154,70
5,206
222,185
238,13
112,151
242,99
241,101
67,190
85,204
26,111
136,67
110,43
130,67
15,50
185,177
227,227
47,222
182,212
65,63
2,124
159,228
24,44
229,94
77,93
36,35
246,91
141,86
32,192
143,218
54,72
27,249
3,111
78,170
242,220
115,188
41,17
41,97
57,201
24,115
201,20
209,113
21,105
138,46
41,217
180,247
94,114
158,156
101,181
236,246
134,23
243,220
176,116
246,35
188,184
217,230
186,161
114,36
64,82
197,90
7,147
207,72
103,186
145,147
109,178
109,7
87,204
178,235
5,231
227,58
23,145
74,166
201,184
236,249
43,16
45,225
99,110
34,146
208,208
83,8
96,240
101,162
224,243
60,97
29,162
234,207
142,74
105,226
211,199
149,160
18,191
136,202
152,163
113,53
114,161
74,224
88,236
15,149
100,33
195,43
49,241
102,30
76,220
106,139
246,248
177,65
54,243
75,163
81,45
238,14
99,164
52,7
83,214
90,221
119,247
36,249
133,139
115,106
143,68
65,47
75,26
229,131
41,216
98,5
209,153
166,2
205,17
100,167
124,212
118,45
42,142
117,219
21,218
226,207
35,221
169,240
173,22
151,232
127,192
212,50
159,34
117,48
60,243
21,44
156,202
56,36
234,9
201,52
131,69
42,118
41,225
29,16
69,230
177,107
235,98
6,173
60,163
214,50
10,214
151,217
153,177
218,75
216,236
5,33
223,208
246,223
130,188
16,174
122,28
33,77
143,209
97,183
204,151
78,77
43,229
227,200
243,43
237,31
241,236
143,245
135,68
33,178
112,200
100,59
43,74
23,37
237,101
211,74
230,92
59,220
100,65
20,154
155,67
179,42
237,243
224,56
169,183
185,104
137,202
191,109
59,124
60,101
135,118
193,78
97,238
164,114
201,66
17,148
213,243
241,202
164,158
196,124
98,114
148,38
199,86
203,37
100,37
36,246
65,64
172,121
200,148
12,51
4,224
20,81
174,40
7,141
147,210
96,58
47,224
222,66
71,13
130,151
93,84
168,230
230,244
62,167
75,193
56,83
245,72
158,122
245,190
76,169
42,134
72,43
226,123
170,101
181,220
247,210
117,68
237,151
7,118
12,83
41,187
132,231
7,165
187,212
231,50
107,195
40,188
95,170
9,110
55,190
14,148
191,93
68,244
26,231
108,67
109,134
48,18
158,186
172,14
31,242
111,243
28,101
44,52
28,41
108,74
60,29
22,31
42,18
171,65
84,22
58,48
56,141
223,131
245,25
154,219
249,52
80,139
223,167
20,188
185,249
173,226
85,212
202,211
85,218
220,26
206,31
233,26
190,198
176,61
62,116
46,77
182,217
74,11
35,232
54,224
56,124
188,37
172,12
130,108
39,85
39,43
235,56
40,179
8,113
84,29
232,9
180,52
140,196
152,15
204,215
63,216
176,159
4,105
60,76
90,55
227,240
177,163
7,228
231,49
39,155
200,210
117,79
242,239
209,112
133,16
27,45
127,16
111,35
109,235
101,177
160,248
209,177
144,7
169,22
57,1
39,70
41,18
124,129
39,32
103,233
24,59
110,211
216,141
118,5
163,188
193,149
129,120
201,34
182,60
232,34
37,115
18,7
73,127
101,86
212,68
2,48
60,163
212,145
14,88
58,169
62,241
47,68
235,142
17,155
75,180
225,56
130,105
45,220
226,215
103,157
155,150
208,62
221,211
110,166
2,199
12,72
49,24
118,171
181,3
148,23
22,208
26,134
84,61
233,18
170,233
71,59
123,4
120,6
84,34
130,152
36,87
95,156
245,137
209,181
217,12
149,111
148,149
15,145
241,45
77,237
62,37
119,142
2,17
244,195
209,182
43,17
141,1
235,216
56,10
146,215
212,129
213,204
178,57
112,183
171,235
122,210
35,249
127,78
66,75
65,235
209,158
64,90
39,197
248,198
186,114
74,117
112,138
164,27
1,207
63,239
187,43
58,27
222,30
133,43
3,196
178,145
182,84
150,89
129,182
86,101
148,86
204,87
39,248
175,226
209,244
114,188
67,36
17,75
67,232
163,14
82,149
88,174
161,205
175,8
8,192
99,42
7,217
65,96
4,70
234,144
190,104
186,137
175,147
248,177
172,86
101,177
18,126
113,27
44,243
86,216
233,174
146,122
46,21
8,151
239,2
90,20
47,116
9,95
151,135
245,4
241,43
198,10
90,106
235,105
160,238
122,76
21,36
92,208
217,109
147,183
146,222
238,147
21,37
166,70
202,1
27,174
94,7
186,68
146,120
61,159
147,216
4,100
93,127
221,18
162,62
206,105
126,60
214,135
179,49
69,203
32,181
121,186
42,200
186,74
58,244
41,115
19,32
96,131
17,60
203,40
170,148
110,45
229,156
249,219
152,174
194,131
105,28
97,23
18,133
247,150
29,132
27,6
144,112
200,232
211,208
5,21
150,126
173,149
232,172
146,43
119,234
36,156
20,88
155,229
61,177
205,60
155,144
123,211
7,172
220,156
45,194
142,177
88,84
32,156
234,79
133,129
145,80
27,81
102,67
113,160
68,222
15,10
53,46
223,234
21,248
126,143
7,84
14,55
66,218
134,130
124,143
34,157
60,22
42,172
111,220
63,138
52,40
75,113
123,248
143,213
200,151
101,63
199,10
212,16
195,54
8,47
116,119
108,221
32,6
126,37
81,31
41,236
22,223
193,124
53,169
21,53
69,218
174,185
7,129
25,96
165,72
203,95
101,121
111,244
115,182
232,134
73,111
21,190
127,105
147,111
64,46
150,41
180,76
36,97
156,181
203,63
61,204
22,145
113,132
166,79
173,136
33,139
132,194
184,114
161,221
48,69
204,85
111,162
240,93
107,131
102,3
161,19
85,68
63,244
66,60
4,80
54,196
152,43
24,187
209,188
94,186
157,35
172,164
82,194
158,237
10,94
65,196
164,222
223,82
167,97
3,224
75,123
94,194
215,7
188,20
200,240
16,207
39,63
220,133
194,96
144,205
232,72
147,231
175,15
182,130
114,231
122,181
145,181
3,83
17,236
148,191
83,7
155,168
71,167
58,92
47,42
88,39
84,79
183,192
114,194
46,152
65,50
167,3
130,218
216,170
92,43
210,19
97,98
182,179
44,181
246,232
14,197
64,180
84,99
