275
19 9
17 8
24 8
20 1
1 12
27 26
29 11
15 6
1 14
1 9
19 4
10 24
4 28
26 11
17 16
21 6
8 26
12 9
1 2
28 25
2 26
2 1
14 27
18 5
10 19
21 6
0 16
3 9
5 27
12 7
24 25
23 22
8 19
8 0
27 17
24 8
5 25
7 10
5 20
13 18
5 9
27 2
20 7
21 25
3 21
17 25
24 9
19 13
21 1
12 20
27 14
23 1
3 5
21 12
28 16
0 12
6 14
18 2
5 17
24 6
17 25
4 8
29 20
10 2
27 16
29 10
19 1
26 13
4 2
13 13
15 0
1 17
29 24
27 24
12 22
22 21
1 25
5 25
22 10
16 15
22 2
15 16
9 24
6 27
20 9
0 19
22 9
12 29
24 2
27 20
7 10
16 15
25 21
27 16
21 13
4 27
20 24
2 7
25 10
15 17
17 0
1 22
29 23
3 17
29 26
7 23
28 2
1 6
4 19
15 28
0 20
24 1
23 4
16 28
11 13
12 25
9 6
14 3
21 8
11 6
12 18
29 8
23 6
22 25
27 22
0 0
18 26
20 27
25 0
23 1
19 17
29 23
22 4
6 18
8 26
6 13
5 28
14 5
3 6
8 9
18 8
1 2
7 19
20 15
2 27
22 7
15 13
12 7
7 19
3 27
22 12
17 4
23 25
3 19
28 1
5 26
24 21
5 24
7 29
24 23
12 2
22 16
17 25
18 11
26 3
6 23
15 26
22 7
14 8
29 23
1 20
18 13
27 0
7 5
18 6
21 13
28 29
26 9
6 3
26 19
0 24
17 5
17 26
3 22
4 19
13 8
2 9
5 9
17 12
1 14
10 19
14 29
12 18
16 21
8 24
8 11
22 0
19 3
24 23
1 19
7 24
29 6
28 2
4 18
6 11
2 26
14 2
3 3
0 29
17 26
17 22
8 7
18 1
25 28
20 6
11 22
5 7
12 25
1 2
16 3
10 25
26 20
9 29
21 27
10 22
8 1
3 10
29 2
24 29
9 5
12 29
9 17
20 25
10 10
25 29
6 11
29 15
21 14
1 1
16 29
28 10
18 4
24 24
9 27
3 0
24 12
10 12
3 0
28 15
10 8
16 27
8 4
13 25
26 20
23 0
0 29
19 14
16 22
6 20
25 3
6 23
26 3
2 14
20 19
7 23
14 2
12 16
0 14
0 3
10 29
25 3
12 5
2 24
28 18
21 11
18 2
9 27
26 19
6 15
10 11
13 25
13 24
24 29
29 8
14 21
9 28
17 24
3 11
9 24
5 8
22 3
9 20
5 24
16 26
8 19
26 21
1 9
0 23
2 26
25 25
16 2
23 7
23 15
19 16
23 2
21 1
13 21
7 6
10 14
15 8
14 24
27 8
7 2
24 17
18 21
5 6
14 15
29 11
21 9
23 15
10 11
28 12
13 23
15 21
0 4
28 13
16 29
22 22
5 0
4 23
7 20
29 3
22 28
23 29
13 6
17 3
6 18
21 7
18 23
28 13
9 24
4 26
4 27
2 18
29 3
10 26
1 21
11 28
2 25
20 21
18 27
27 20
11 9
29 27
17 28
0 3
11 24
16 1
6 14
28 16
1 10
7 22
21 23
4 1
2 2
20 6
8 22
18 28
13 0
13 29
7 14
12 22
22 23
8 23
19 10
13 14
13 5
11 16
28 21
25 4
21 26
11 13
14 11
21 28
10 9
0 25
28 17
4 5
10 5
23 3
21 25
13 18
11 1
8 26
0 2
2 11
20 26
7 20
29 29
29 21
7 21
0 26
25 24
4 16
14 26
19 12
2 22
9 17
8 6
1 1
12 0
5 26
23 7
10 25
23 28
23 1
24 3
27 3
24 24
23 7
0 3
7 4
22 13
22 19
2 28
21 28
26 21
21 29
17 2
11 25
8 20
19 19
8 8
20 0
9 16
0 9
3 8
19 5
3 12
11 16
11 8
7 7
1 26
16 26
12 8
23 27
14 0
15 28
20 6
15 11
21 2
11 23
12 22
14 27
7 24
29 29
17 20
10 9
29 17
27 3
18 2
9 22
3 21
2 26
20 3
7 25
22 18
8 10
27 17
5 0
16 8
21 27
18 19
28 13
20 8
25 14
17 11
25 11
8 25
6 6
4 27
13 25
4 20
16 16
6 5
28 24
23 6
20 28
0 15
25 21
12 4
19 5
17 22
8 2
7 4
4 29
21 26
2 10
11 18
19 6
16 7
20 22
16 14
29 6
15 24
9 16
15 1
10 3
0 21
19 5
27 22
11 7
14 13
21 6
29 14
4 10
6 23
3 29
1 13
25 10
21 11
13 29
13 8
24 13
22 26
17 21
12 25
22 15
27 28
6 17
17 10
16 1
16 5
22 12
16 25
28 14
13 2
0 20
20 13
16 11
4 15
3 7
25 16
14 22
27 29
0 21
16 26
18 16
21 26
29 27
