6
4
8
3
94
6
4
35
322524
5434645
54355
64556443
3588795
2000000000
2000000002
2000000005
2000000003
1
2
3
5
34
544
5654
342
6
43
6
5638
76
45
76
8
563
7
356
5
8
76
7
645
35
65
4
3
45465
7687
58
4
43
54
6358
7
694
5
4
3
242
5
364758
6
9
7
6
554
234
25
4365
7
867
46352421
3
54365
432
34
53
35
35
35532
342
6
7
87
9
43
24
435
3567
6
87
6
98
54
6
76
69
80
909
8
6556
132
4
36584
76
90
9
8
7
65
465
786
