500
21400.862925851943 11272.975414508885
23303.275997269804 6390.312379645723
27814.16108650011 16665.243860256673
7770.189402608011 16202.737824020294
7364.548186432906 20642.959192990198
14033.758550618857 25387.352224191207
16595.194565609938 14769.143840380555
5609.630168310995 8728.37297352486
3594.8576508938045 15400.69196966664
766.4585714544114 21388.999211771617
5834.46968953395 8808.544450481262
13413.001569043543 3649.4442600674647
12645.620088765012 16974.23722718058
26523.09033531029 19069.600579741957
24351.146977390283 21226.821693804613
10162.369124826748 16379.99165748774
27274.808079294497 13647.842384933134
1366.2606976062953 24887.08096387073
14511.327164256907 19873.19994099654
6741.657065558226 18598.925622813345
16429.902823924887 21559.433612451452
20725.374739115683 25634.606253482576
22413.548826519513 2358.098340567929
2930.466924733235 16775.748772271094
6303.45185405267 7755.606051700317
26947.036454019217 250.9169050379678
22421.822223802174 16587.06339613902
20337.22562620538 9013.543319596143
26888.49814622468 20421.300044403535
11374.62089722508 21881.51183866474
20225.88530158989 16340.48126813453
2326.3531711080955 20951.405233516212
1963.582067462193 8901.339320049741
11761.70862450739 24682.87756496025
6108.366569306626 28266.24827017512
9494.138355677393 8968.510206359762
27936.99086307168 23631.03761038473
7324.070688565704 17361.943890096405
27598.54638589331 4152.600046876439
6748.004356952495 26432.0078133669
24479.951521697134 23593.041822955358
1234.8907777273944 2942.9610700637277
28192.40382634099 29848.271868330947
15543.859546134869 6230.926495960458
27378.45268232646 26417.612204536832
17867.912089843023 11753.974621186077
6318.629708870201 9697.190304466467
2336.212460855881 20338.271219923743
1533.3759953050285 23743.5199204664
19593.197539753266 2125.0995867821766
6230.306590774188 22854.88011394488
21795.744284476732 24643.513205548774
9538.63891884038 21956.754210570805
25430.187093081517 20790.769796553355
1.928489507442288 5353.765823675085
849.0296100940798 24797.649333870573
18767.020198837025 5924.225582680832
1362.7441774919523 2488.1538602897213
27311.45912538035 29284.570385549338
27095.08028542941 16313.023697011386
17393.367107818955 20839.64893427577
29620.87876396324 5743.928408141299
7187.11015962084 27960.982116332594
2653.412727524378 19660.09716689485
7284.870219410915 4798.796416012477
11733.829010933963 9341.592495936677
23398.52905994963 13434.793424901123
21998.321326529913 28603.349627244355
19188.084007016194 2221.3121978262698
27659.194204770512 21461.508546895056
2672.0823142608365 10228.683203312157
19834.043351844302 27518.513930653233
3142.3967010380525 15736.268446039692
20792.806924383727 985.8633594632827
22409.92518917657 16653.84437424422
2565.5066970672847 933.3090147998957
24549.62076424251 21648.654895683874
6164.027105161343 27960.735670210754
2092.5417424105076 12579.63584736461
24419.344759438383 16033.880403809739
3829.404513883221 21603.98914957801
26621.150176873456 27707.447931777206
44.44293294773804 10022.44540149664
6769.868225604435 16379.1242460161
15090.139602947458 10568.234053401575
19311.6135153399 10575.406899717065
4742.71614922487 420.9568267405528
16724.68007104147 22565.0800918281
6745.067347835468 18740.210395891732
2261.6945001038966 26828.604206230237
7348.100364755237 19965.008066938073
8524.623768493191 3081.5906911820944
4503.257944279992 2513.692400987718
8360.373912582252 3657.9754796528173
9638.292534841148 21845.220509106817
18812.7436366765 6103.406638209699
4665.154159429927 27106.371802363094
11552.074730742761 28811.799693016117
19023.156091056713 1790.5948774138615
14326.960512143905 10457.926319489481
3152.371646815735 20972.883555102995
7542.939102425642 2836.327689298637
29821.52932403364 20761.258125145687
8071.132958373994 11511.762181043006
13201.438307906454 9619.070704822907
28825.349306528697 19418.828942754073
27479.318145795984 16163.552982447578
17519.203842218605 25218.3141591933
22151.158812005637 3934.687503956331
1325.370459840045 20825.243492283294
29908.560069822735 20454.64449500594
15907.113891166011 1068.5428550683496
25253.298544619232 15661.718966060118
17477.80714417562 12924.62162422827
7627.144123601735 3503.8515282182148
5167.172897334846 2187.1293328380316
11936.269743281422 20115.511253999062
18033.559534714914 1792.5482988395802
11878.883590137519 2577.870195948878
16559.572193314663 28316.207192427082
27451.505373792203 23775.890869341165
12403.966510326378 21385.73199206918
7413.618470066976 11317.093388620246
2555.727948180846 4928.855361414425
20332.213117101626 11865.477097108902
24846.823338432703 29279.948017900053
24107.040314014543 6570.202523950679
11028.148520048748 19214.538821483467
3594.194349242267 8532.352485690246
11298.761191690017 24963.52382597402
19099.92771622905 19454.22295459603
20301.499543758062 21178.685937651007
15108.417131783575 9754.300956955442
29158.679441792443 2678.556116211972
18636.47684898951 14507.23413167398
21119.56870723162 15598.590276191653
75.0278716922026 6581.784361353549
19826.911058636146 18302.03854800844
6281.417787513602 8300.915900143296
9082.809483035082 8077.817756375792
16028.490891589478 23836.855226611584
11304.815859950382 27259.104414326976
21695.599887268974 26380.120013360887
8611.15213411918 25941.319762430805
28303.546157225483 16885.188361233417
25659.484845356106 27960.550317785448
11649.74031618243 14896.660089211822
16986.776235938014 2213.425684768797
11391.664344877112 16598.419897207154
3658.242983884896 2756.84588960991
2456.0138627465635 10804.497695746888
4531.516717153579 8420.911717094375
29117.700000808272 20123.982468088452
6377.644194237384 25900.809223108725
497.1841574890734 11983.522482588667
24473.612189752115 9463.330330789293
4066.417281633742 2579.6217541071587
1091.6335933559108 15511.136745774034
25032.94973493862 16159.102481418717
13558.463323951568 1292.7863008340046
4188.579863510757 12289.784655086723
16243.580810874491 24028.973683667402
24963.201273756364 14984.604503463614
11958.103109685782 19645.351080737688
22016.300296119723 19681.06141709733
17806.85475115497 19159.717194957975
8727.87797079917 7154.060980809916
8534.055030189218 25566.29625983623
29417.322731482072 7453.881137846269
6838.639800676328 4792.230056125535
4023.1075403604964 11912.181167808973
5008.277636706456 10971.344829469615
18317.93899744246 17147.62710698989
5531.680179257628 18887.669718189645
11513.31354752398 11828.881484779735
96.87579668128943 14986.110933114509
15324.214851589733 24716.386382037665
26568.628516517732 2830.0960878449987
4218.987307368586 1205.535378962127
22161.265705061367 19305.935544162694
5671.225267856833 5232.495362166859
8083.699880684503 24231.07067397391
1759.803365094591 23980.12351989936
16431.486671565966 28318.287181799198
9429.975368056546 14335.087490473923
4036.3124820572248 22680.415148281783
16132.770200873727 2498.470622604445
356.34207968705755 17229.929967770306
20401.700709692745 1540.820269682951
27301.4044318118 25435.327878929133
3205.1034446372796 6018.761115077633
8135.059624544905 8941.032381326042
5629.2331535529775 8033.975428379276
281.10531976085485 17540.040120468577
21601.50631556553 25316.517931873208
12985.157472199213 7908.419685679724
20955.121328556237 29053.11098741055
5342.469202599505 8368.204831024848
28165.546583149047 7257.2306153121435
23201.204882915164 6740.144947891044
25556.1867764612 28491.467333667777
14885.935472790934 4080.19912947402
6674.821246590373 10703.827511357638
15559.16058822412 18763.572014266243
5884.215299227384 828.2955455700392
28349.21861168706 22987.533587077403
23989.589959272118 22626.165948292106
7120.984393318252 7309.155868500614
6942.454533350736 13008.313877261475
20951.310060844793 28316.55227205277
25314.566383403264 779.7474786705804
3994.20149482277 9952.108593756171
6327.624203005986 16386.46936302356
16481.27913353586 20363.61383581188
27753.559453923193 26820.82246144014
23101.112079758594 13454.142847904875
23967.10940576512 6355.192791035229
3936.561788346109 27533.93644175992
28836.6477018049 11225.09262932229
512.3294955352497 12647.469673741978
27981.035559614636 4771.338536616025
25315.42306927523 13256.301966286444
4199.573474936349 18877.186870701305
7399.341121408745 4003.24724726558
14598.905870359522 7799.993704288765
19368.283598854672 23265.795790838227
16095.049370935525 11698.098531030526
2160.771878482939 2126.6678911456647
17560.49748944513 19292.343821965962
3612.594364072751 5246.783649674027
11915.659026212385 2177.778014945225
4777.041602962715 24920.86408674202
19930.688951140346 27314.786465636367
14415.94995810745 328.29849943032065
9408.043458046195 29180.061618019263
26948.106278021332 661.8295289735954
18757.92645850157 28946.47491695534
12452.126976347354 3424.0382045457363
22758.056221578485 4887.128357697462
29068.96294960188 7726.532157602573
20505.995125055793 5962.48166749349
28334.730800661284 26909.14722819076
21226.582378286254 29250.67042620656
2597.615697590032 5216.420797171226
22688.800282930653 1519.7725892265569
20733.14797571579 9625.987816616098
9515.702526178919 5816.963000006496
13870.18271119546 20218.50032749804
14637.83770486262 5463.171973771998
6775.482717435284 711.0687256657467
26544.886829999778 10293.024169485505
22917.83356983463 24946.16561758281
7832.037510726142 23368.51574196037
12043.169169468407 5235.334965711375
16816.916171412166 20721.054970291596
18340.2477307058 4501.990378981965
23719.681393134786 21940.16833238131
24961.942194586467 26149.996672037814
16053.210663585363 25628.334857302187
26790.27594827416 3504.6466428716362
4462.065192264338 20880.10124104423
27893.865245917525 4530.087389408717
20278.25527408553 4019.7775782914423
13124.497638514702 7322.144981889457
9528.604889827016 8845.717437973035
4735.090281832205 27607.93993612587
25032.807047317772 28580.319882570566
24774.3597129269 1153.5955443710977
18573.07392208344 28613.604210173104
12324.041787379758 11588.769018724202
8895.576129116158 954.339304481393
11392.579836884885 17701.656552743723
18520.648647666756 4066.4118443173447
20464.717523966538 23740.540045436694
2993.0670963845287 5469.282621232681
18329.511036725595 21677.874133488473
10295.462610598406 29120.033322515003
12869.78622375216 15750.323814889749
5677.266312379889 25170.703683650907
19994.147704412146 26883.094659066224
28118.351128135793 16208.2840091318
8828.17060362459 27839.31317540214
19050.859351849533 21535.87903180747
16654.459865891044 9105.13625837768
1804.4678448506645 9442.264772169585
2901.811337931336 10628.698425621536
11519.676957106542 6733.206923133992
5731.752078752041 25575.912075540295
19990.47512266357 15061.588518193597
7456.286283230556 9248.580904632963
8052.0457461452015 14794.570925480391
16143.721084816405 29230.18321637375
29720.979849949494 9294.673924400464
329.9843940354597 21682.119977651462
7324.736098910691 5567.849339328977
11750.913277128211 13508.142679555891
25323.916762957244 11245.27360632231
7446.514210751182 20837.091300811153
2435.195289247721 12816.770153564827
17461.261694909863 20944.002623905268
17004.551533210135 25922.445645660642
17675.040770842126 7337.057606133355
29359.750465532827 15335.286317010623
19047.387289184902 6282.785151165188
7087.8072787524015 31.13728136733385
4743.228365737325 27524.323408180913
24837.47468841567 7443.668124399795
5231.363171609905 2367.4972258898742
29338.587870495878 640.5782890780831
8507.49126465623 8666.873755894148
2859.3941466688943 2733.497557279899
18091.615636865004 24538.876277245097
14289.796997665802 24347.674086170326
25385.22334585749 20861.479830504006
16442.73579454213 12428.749979131784
25346.661788731923 26789.9016329561
1007.7288222916969 22052.571277117633
5253.709874080092 22625.157878455302
8869.888837754037 17230.151824992616
5570.361807040041 20417.248271931305
23224.53119839903 11963.606016497559
19620.3988466846 14667.170315205874
26071.784899453298 19010.003484664387
14893.380544708707 23411.882739660512
25267.415274190855 10948.799634180546
13369.21704235299 3833.7561593868963
9335.365599416731 26224.6526670347
11245.539397792782 26330.976148294038
20714.311335288 1851.1058650865698
29887.633899357934 26717.77940967262
15014.841707263236 14411.807221074045
29693.751573137713 17893.332540879604
24205.64671897379 11884.583739286056
6879.1406993839455 9925.480512188129
5426.418637921907 639.8747126931503
19930.22415524272 1040.512682564091
14341.944539924774 24728.700698349207
17665.847066324153 1492.5215424601179
12606.185074058336 18276.5130391588
14465.618979351268 27705.845076231813
13096.921069030237 26437.93395875
10285.87454949319 25441.509132152136
14110.845071632846 25943.587203361352
13581.853700710677 18033.509406287027
14675.778047090314 12783.870888432846
24190.240583500567 18973.186435141663
7540.98663349857 2025.7109416969265
599.2370786767975 7289.881749360733
14248.367998512955 3146.9940752242096
11843.915499951463 19283.475704488737
27966.57135404406 3599.565869165845
28512.618748018525 1209.3265321321135
4486.927262177597 23575.331066077328
20035.739848249083 24498.568362789058
9934.332084818096 6151.185105594791
26551.250401824487 8016.62524559686
25338.063968799936 29127.166749290285
23201.89654708861 10720.24078469997
3236.7692591115906 7948.388905683654
2717.0348585705906 12868.229354664349
29958.68294147285 13114.99902923786
28567.61372452857 24673.58708619676
29122.42947267303 20435.556798092934
5855.862843477215 27954.520036341157
27245.540783688146 18367.926601543244
411.80014430451826 8949.358538736087
11127.156287980124 23517.92621496424
28316.709262848908 29005.272243666648
8888.114696136083 13129.656854304854
28259.28482943981 14333.092185704594
12206.003341249176 2102.6103872342883
7753.195730565371 16440.49835258332
16374.4762749306 21709.322479786944
1305.363451370689 21213.222973195327
27345.487873181715 7763.5082762936545
4122.288666724982 26908.87045352963
20879.85450310946 7502.292810532391
8877.326448401753 9560.35727862423
28335.882585739502 16897.313845982906
5434.831904500032 18455.89900362953
16467.574941226318 3498.1664526497116
24237.667641912816 24469.90684309513
4883.231769057152 24237.791857541994
23312.59854790671 10064.06131333096
14532.07072827213 2893.135924098401
16533.648984685577 21760.261214542898
23740.767919593865 8095.524138744101
6906.5464879168785 23807.068088686272
24913.63608197159 29923.90930610271
23197.919986253673 5618.688096314182
5039.435580753421 11190.304015148578
11230.969695689508 15360.448315599064
26614.631991289196 8540.375815721878
22604.871249440635 17787.156472021827
2497.190356929434 18443.373243455208
13468.228135726815 16110.649871444602
28546.80875522032 14034.205895642375
24287.417310228004 25280.25826676982
11686.776926478644 10596.68069951625
8298.749982354919 27604.83547983604
28239.454390149836 240.57027052859615
21518.88307421757 1127.4263213113022
18041.6591454798 10026.35649043638
810.9847355031475 26583.564911938476
13938.036465579842 22430.166107305915
28564.70044121835 20131.626450893324
13779.804503158972 2617.5894604961923
3046.005613047574 26338.55221431721
13023.040355538946 3508.740316648028
12408.587399565336 19136.726059216566
20424.99400918219 17068.09214908041
27731.43869810581 27637.67746733391
17178.684653002256 18641.292992141865
16257.897629755136 18795.704785805763
11105.364020527084 20487.340052759435
20259.410736543497 29959.4581708486
12241.199523793308 10918.15348309363
29632.842179787192 21331.917927363545
24308.846841303453 16658.779755023952
7463.207591711781 11279.144338539301
18156.360593720303 18180.110532827246
7344.250017640954 6285.583252303981
18275.214591577835 20832.182717537504
29247.32027600908 2148.6444092539646
21975.96258079588 18619.792778234958
27164.577293422284 3737.686079301905
12704.408154238876 12413.341755098263
26625.575260152287 27312.4592442343
24322.918784287765 10276.47634856555
13496.830551987421 22003.49223803484
21960.829991455506 4418.293023145237
17222.034249895216 25601.8145548197
7254.679806663606 17041.516529762175
21846.108587677212 4287.845231007906
11453.306556128526 16059.252269855675
26789.34739058647 16349.179534789506
28954.652032241847 21291.584479166217
16398.444945776308 26294.453084375145
26370.389031603703 12329.449299255997
2799.250677240167 8065.358242155788
28181.308121024973 10766.901263033384
511.63274003598656 24281.332489468467
19450.690301937444 1954.0554323632875
3659.896224377335 22621.341728082185
8904.674288357795 4811.653554439763
17422.727872472555 554.6150523952764
21967.949461242315 12574.38679519261
4614.700138341192 15677.1085753282
23059.88461723045 22593.776334984017
25976.91388940199 10892.890182456007
19610.49695397006 29532.56860939817
18877.394187652546 21599.563408516322
6847.486056281636 23421.302360565358
23682.41628977833 25894.280272528496
12434.81992480387 22123.852925632607
10057.97428425292 18611.79232144209
13510.187703082998 6772.442947523544
16896.154660697 5738.432760454146
25572.914504580105 8683.775198909823
9434.229065475285 7415.836183112854
13015.732437824847 17156.616156192107
15444.81889150871 25355.61600739366
24873.104717860915 29377.337452189844
19123.537342759006 24031.15875607847
26575.588753814965 16423.58223428524
26486.05851195737 24495.105146809048
29154.025690931525 23057.404098023453
9709.617036396674 25091.001424525624
21429.143308602295 13637.896362199263
29914.46984116573 24685.053557219104
28251.44794011721 2059.4997290968863
28378.927102822196 11338.808394739026
18823.08466606253 10135.84996203745
15117.075133782786 12576.02426596192
13537.641536780704 26300.196512136376
21121.39099213055 12566.917518162289
5615.665235262447 14882.099213050784
16382.969245902512 16660.379842837938
15092.958493517102 25546.2771432515
50.14470696048878 14739.695905796081
27435.52584146976 2743.160305447907
1771.8367242473166 11859.711572872362
17209.324344797376 6221.861669729386
24394.98716464466 7543.311684370268
8824.779099339503 25794.964040296527
17746.011488464464 13972.50490244845
21405.326877826436 16620.68525394586
11224.227663614054 8104.330227241659
23296.025965359815 5281.655342439869
9370.77955133726 13474.21099569702
23632.59186927984 1890.7176430970728
29449.611508722523 14119.32017548388
3733.0058864191574 29342.826047319446
3387.602981729557 5661.931453677508
9853.125960575484 17658.302703238554
28169.01524371691 27137.658252673245
21064.559615443606 9126.364069936173
28964.9559438164 21635.894303380388
21667.31943307073 18659.0210747931
27901.598580488906 24239.717965319665
16641.598181926267 13404.117375124895
28431.464651981838 12109.902157548384
21172.30041522964 6242.443802695795
10770.09799132903 3852.6363333471336
11246.753735536182 29307.544010951216
17796.02933444391 13542.95769795383
11730.317860449026 6117.984692203455
13184.954641754297 28945.833684289013
21166.421620365476 4300.555788619797
14359.624738853658 13584.235089671673
8826.845945174924 15209.021255193433
2084.956489229364 18348.49026685162
29254.855763439617 12006.719047593413
6223.461072724174 20323.600020293834
2698.1062249788224 3982.482833765011
23289.090578113948 4431.151364750032
6420.023829323094 2008.0243361429195
5998.19542993152 7339.851665490216
1907.6722585480488 8121.092082739825
8014.286026708624 22893.660419638778
16460.8996471472 11232.394928032412
28518.88163111375 14038.89128651884
14551.872483274863 20905.441187033324
11113.74038397048 7901.601455290198
24685.88706843426 12047.131029892851
19870.342047204773 28273.98696129426
11273.654934811711 5173.096371568548
12090.511863427515 13313.438912454814
28242.052985562466 19675.470105307057
12527.653133725413 5740.333119646528
11764.617300819125 21221.91766763964
7441.06946131101 8240.54222152693
23584.872833459685 9053.461734781213
8916.433385968932 28136.09070115128
23934.877747696908 24524.77788214743
20383.486819196005 2682.287469280561
24018.154457947316 8744.329614516184
3197.6135962803464 9582.095206774928
22430.487104798653 4622.871086375785
21524.966697268523 6478.418345898405
17733.85239050186 27027.522018880285
18581.38639371118 18292.414662919517
10678.056727333107 4064.7965823877607
1523.3830360967527 22320.850905449297
4281.436848233348 12779.62891743213
14975.014723731574 7987.953486290359
8136.29703451702 13758.611569436745
24297.529484681603 11067.1210898432
14896.524357947677 1264.358801250851
9269.192895520162 11045.286279827897
21934.15646688483 18604.02706908334
6840.764725425073 15097.64993817022
29618.440358062257 2448.7607854970506
8067.64276024004 22872.905254668887
9575.237754408969 24771.94860155751
29192.731180333918 2959.023419795933
11626.419112620151 6962.877666886956
20164.63663616448 14507.073578522812
26888.19308575924 27498.542207027174
5623.85240476403 26035.46829512464
16724.109726550127 12320.018855764512
3575.129767578119 7919.473933364051
12902.772611663528 5761.014116785039
15587.277482878524 25490.71311929312
13402.093372900434 9514.844002354377
29422.1959449741 6028.831842332908
20831.223178832468 7702.289361880575
20492.974825398593 15222.423615816297
16408.082979885276 27616.43751970134
22486.449296990224 26908.707742611827
1834.7199975548313 8171.784106214207
9858.652848034137 24071.402205999508
4254.508923849897 11473.569516744832
5722.138058495012 19183.64429320979
25754.520316316593 7249.449615545662
7892.2043432379105 28027.72728657632
28593.16354061518 5149.325802725737
13544.604724655062 13105.855518346498
487.5251593117169 6120.282425916226
9060.351353117865 20676.036122983936
886.6019663373593 11202.292418090285
16193.793701528772 29304.644051851872
29185.94065888924 14166.486446046463
8698.185791529495 17622.128068322254
29305.9835197321 13431.490093581071
24978.497957291464 24700.737777138263
1960.7194508692305 8644.471498925304
2214.29536367574 8143.079234915731
26285.037949270863 28202.23850474459
15706.027796293636 12577.728775399652
26268.47657049864 15813.881413226936
13946.14790301184 24803.05225756406
14659.851709552302 26970.139688574993
5101.993036540032 21302.803864938454
7661.564116775691 9885.832817010001
14220.443566832902 29276.996522231904
17824.153002521118 120.37367705110213
22524.888641831236 13688.958808488313
80.99219387394218 23657.55752081824
10673.102422406108 10124.41959353705
16829.79052421979 19739.482526758777
26780.160113488364 16490.87407204527
12371.885091260376 2200.63388946799
7383.585465637044 5755.417391677756
14862.086664402299 16436.843175430455
5338.45322153486 27026.646670767208
5201.155964407729 18469.990925427457
12878.23605014744 13331.1561456166
17019.760323212657 12833.006869215838
20762.714769006914 21417.569620016475
10057.09456563091 7200.882756531323
15557.323451982216 21840.98763819125
10829.098527635533 3832.097768405972
6648.854557201968 6438.130057776712
9510.55061639538 10961.008086721324
2600.4842650025216 25098.389652382466
10422.071788404275 1295.4540633601152
22884.635916089126 4468.435214394817
5417.399100482955 19724.97163200414
15905.240446456186 27897.913804961998
24808.073497660753 18233.706220014403
7531.497144581232 18541.234390152607
19241.979680611836 22838.27126453146
6113.291719439025 6075.334688407389
28168.98166081358 15134.472780995291
20133.979495036994 1975.7409757185185
16181.194506239584 29738.00185202315
3279.258693046839 28713.185413032807
17607.214545709863 18542.860965641972
28761.461140966374 14590.424687640667
22268.953262384563 3297.4543745378314
20236.56971306573 8233.862964904334
11276.485024572092 29511.968364697404
10586.874326929626 4986.97917151868
21140.650844781638 17161.808234851796
12215.184120772172 21622.496294598375
27324.924968297986 7040.561573583906
3307.0959753890484 15897.639838881445
4637.36852286452 25942.1004853511
13765.827274814324 23521.76390513292
1580.2837980226147 9115.130965749287
22209.707054414666 27088.043455845615
18929.482411268436 24634.655806100487
11545.436942786093 29440.844689916205
29406.872777057986 11473.495438342783
5190.794664231439 7807.820219318764
25339.37212300242 1133.1723563822616
19018.500217261477 24820.692141803753
4663.952219069547 11707.160131502867
15528.496840374923 8281.098886468537
2542.9073900146127 23200.6386171895
16628.972292756196 3197.8226131482934
16195.24906534141 13819.59983592904
9716.965596064982 7229.119045982911
4329.414241479079 28768.287746355025
28497.464528528726 4208.798583719432
19779.283902078896 5857.669078363015
15165.452001360525 19917.13623774357
14599.79249055733 5928.754952551507
14198.387098717332 29677.59739286011
10970.2093992324 20733.313164273255
10067.180551560436 18717.802163014352
18782.48634348042 26490.643292257115
11671.737007486554 23528.05600400571
11758.829630542186 17852.78183792055
5242.719528140088 5683.217538189925
28346.985916675123 24461.675242345187
14824.213864953303 18763.574434823295
1483.5056090493547 20670.51648633733
25262.520192624055 14117.835587375672
12594.550970461427 28327.62315893432
6874.361130605935 22256.26640943993
19920.62029756877 22784.915453124806
23653.321458400627 3644.4072448388797
29405.842468154442 3494.1993279187054
7996.403373563383 25587.750371336322
17984.30149932917 22693.154870605842
14493.102492127684 10755.16014419951
14125.154386685039 28759.1007294718
3317.4859735669424 27683.75711991676
28965.08013510719 14822.25102429184
20199.274748834934 24340.38883083812
13260.926246671794 8181.393915808923
14822.99295295243 22484.75458540626
10737.180747438633 11953.558422007927
12814.796562924352 23186.65475639442
7182.229011575855 17215.422384009154
18224.628129340646 2394.766675638288
6864.124196925281 1657.8889110825558
3596.902022691194 19936.77326831653
3490.9099647719786 19476.42787815228
13345.963666005846 5750.577992204594
22032.336038459358 16858.43685173157
23213.127921119696 23503.784588712537
10249.08452030161 8005.079401959541
24080.12131661006 4053.5158781626847
4742.444789214797 28138.696807629964
12349.330287058441 19431.090242295348
15741.659458554075 12398.08282424825
21474.28798257131 2205.9866191055244
7687.955306083052 2912.5715022942313
10034.372277872719 15190.941869388662
18953.5838127863 20672.07268149862
10995.754796117242 12494.966871037903
3750.988860477339 4073.8410795666778
14486.176055265925 24913.47349503397
12441.50183944329 22227.963753708675
22534.156089824137 20564.625125207323
13044.782504257835 28242.194322551033
8783.828695511831 25538.465754788347
6779.508545020723 25782.95798286532
19194.602159558428 9120.270483537779
3932.6158453729176 11223.00695088806
21170.41620384408 13882.023089969216
13258.685555193142 3637.387215933813
18436.399392461957 22605.808248679983
28452.878614088695 15798.046863600626
7291.29155398141 1610.3588949408654
29020.110422874357 21143.583094862803
6612.029985708604 23596.899378809023
10079.947361919481 24464.305976029107
9172.449257912973 2612.8685116118277
16301.025878112803 7743.962398616889
15461.095780026859 19151.998617317277
19250.56343997669 27238.1347182905
3243.700987534015 14766.686171325053
24973.852505239487 13445.510442554403
16613.900445372863 12863.471700294765
19585.40630335181 22141.872808811797
27211.34196409749 5584.906449862198
15057.739173280934 2097.8573221676033
17659.365378534312 5850.971145810594
25235.542888862747 3490.1660049335046
13084.985873265396 8740.660747808493
23382.334481537317 10342.128488915903
831.9613731593456 7439.258287394812
27283.438842634634 20593.147021432032
21163.266738904844 25959.236291039506
6083.463488054379 8597.75662205961
12872.350304403755 23762.666478436196
14628.2295556856 6993.678589101293
17283.09065431318 6270.422128605943
16110.40840559118 7954.449471752524
2116.418218138394 38.381283472144204
2284.9253846003094 17855.841538108023
23137.121275385016 2113.27655181781
2424.4665804587985 4336.4968375047365
26367.387584904965 29750.734594742928
17527.24834490946 20621.851796663796
6964.194714898374 9285.494376833747
25068.48242717524 18806.597275676686
22605.70106091555 11488.696760130946
1803.7820303329156 11554.602824290789
29417.34081339277 25229.57052621362
7787.041609978704 20376.404016887256
17091.361610557702 11678.756284782463
13857.127351638805 8283.009994149459
26914.11201375186 27647.93902229248
17377.007380338106 5190.975827897648
11913.412168486211 18955.367839771214
16975.746071793714 15967.355455361934
2273.893462202342 2939.281816177177
26448.092949438444 3454.3061473158778
21541.251542186557 3411.165516176079
10808.181825429925 12201.811107386371
19946.887739732025 11448.191259089484
13773.156733819931 2963.137463838332
20432.4654862603 1469.123175519399
15669.349316484018 3271.3344175800107
10639.467292654032 14020.374157851993
3907.904741899378 25616.23717209972
20251.863614347025 14618.84788258459
24768.575794097425 1880.1220900809446
27640.57164954873 1855.5863621411872
15259.689845279301 766.3237699369296
22756.412926356297 27759.203694261472
17289.080806767448 23968.805811827682
14653.842716827605 19150.481578472965
13285.099131613177 16781.83237263095
21900.749005675258 10389.43457959681
12748.585263879306 29737.584248060677
12440.188427678439 5523.569393515401
2996.0054483697486 9685.706396275713
26217.95722864726 11390.997826295818
4570.736028125094 11492.47260739846
29075.452166899267 22714.461060793376
12453.78483958353 25238.404609355308
20030.311075957437 15642.275144230161
8297.03416221383 18431.86327828031
6127.888751699136 27549.59736282756
26431.379337695675 8332.307945986866
29544.65161807618 18208.361868844757
17368.951935791378 5990.574610037115
20560.12550856028 10666.64090256852
26922.88915469627 1064.7146093583438
17387.099511227265 29348.11063923303
26909.92872763115 4858.59095163138
29660.29335650295 7989.726018581387
4680.3936277224875 18356.61389378877
26631.787822862676 1080.631071360053
23436.93294067119 2291.665433392586
3807.029459141693 9447.748007289514
23457.67714021403 17484.422113039556
12878.294282617955 3553.419342511567
25931.274477023046 15830.98659313201
9373.019592067869 6927.884176180384
6140.551550670602 25391.870839787018
10432.474465257763 26954.314066547715
1198.3613725331888 7049.085472863946
21571.78648181302 10956.529081834396
29443.464090605754 15149.231514437011
26145.372489928828 22209.461540253695
23946.081338226246 10439.176911442584
4552.397403828497 23099.837147232076
1352.077569875967 427.0713220575328
21964.89800173702 21209.47891725643
9511.498902484409 20065.121270590407
23546.78634338248 18576.05478868294
2991.5080511833303 14351.718360639945
24754.96636005088 4806.006659943993
4665.556277367049 24089.193390587523
11374.374959163262 1071.8350233140595
4099.909737656995 6609.629434842759
19436.773588707027 4320.8256383291755
19425.467525337823 14794.84747178928
19108.683406658954 19254.715569874566
8787.094694003414 167.84810967759856
9006.908600455341 29809.7474371352
10304.484091519505 19221.6626665849
18210.61056723682 11973.952743241816
15757.874686438985 16477.738088146783
2486.9825209637443 25823.441840656567
2928.731336027595 23029.661430725697
8933.082563101934 16641.899978495137
24679.808515064084 5529.18111191412
29359.462202018658 2907.4058098421297
19450.795249090083 27710.18295994403
27301.747986471233 22788.111885554503
27875.053523280487 24622.42199032672
16544.400042698955 20583.253790890074
23689.75160742959 8760.503090239328
10476.410005963513 20278.36691708103
24015.99147038348 17224.76269736229
1471.742514293648 5053.5204822742035
14427.321448481052 29939.387234583224
27797.88562496448 19190.79513857215
8004.334828005466 20779.26869580431
22303.907943119335 22372.157911148017
14789.840427055402 26220.762593519616
12324.974431857754 5841.2981483779195
18713.387039303612 19832.70440388652
23863.321534942945 15322.925769155556
13145.73688337586 5562.696882963823
25166.229575572645 16950.445624914708
3773.1527432845646 18349.855822808644
5319.592607230415 29747.84456513754
8448.193893639347 17108.875851647044
22411.21442392657 11444.044713016805
18077.977538129024 12581.452099464026
13191.024024583701 13567.91881490627
20452.692143686378 20939.758114330925
21965.935626556253 6879.55488027899
20196.415297566025 3352.859018448141
10715.13768599949 19238.3040724087
22739.118061146066 11990.6060552436
15097.134475293644 24990.55585471899
8363.000602502909 14140.737198708202
22142.9098591082 27880.110493819007
3968.1271175996426 8253.568869170384
24990.1360009599 28341.435686677414
15231.618714025364 28804.852070500074
28011.395963195762 831.028138268407
10301.442042263365 881.0158240982446
2124.9254059755285 7584.500511313749
28070.160708257423 10342.221926007598
24949.44105485827 21856.966473236094
29415.782340739337 1307.2955893298454
3775.158200799901 26311.687583248215
28576.14971719054 19530.792683912558
11071.154053470103 10766.889488512961
4040.112683444723 28006.123512762286
2434.776102289813 7993.070419215264
23993.025225419504 9829.827225892193
25511.841289763346 26673.0368751052
445.8866642177017 3000.76978552003
25476.926791845908 16994.343655248747
8706.775166690364 22404.195039606104
18161.083002634572 26638.71736685525
24819.9857871686 15744.247918945508
15849.869649720413 23165.47488964264
13002.60478185482 12639.750696701785
23147.639203262683 22955.86850094326
7950.038899453888 9486.68116600257
11114.555952106026 6992.710894689931
13161.320582748098 17016.990253161763
7130.876801798324 29794.555260484074
6151.798011677757 22747.043406369972
15628.570788279998 9806.124350856498
24575.129335938087 26710.16985369072
953.4001688776228 7466.611466631852
13868.278298858113 26006.452797832266
28181.128090149745 11034.892286188624
17062.532422519602 21779.076745052687
20709.577250738163 20045.60554762145
20870.328612412814 21240.21717193686
4883.797314294676 2002.4934921981085
19062.00185333902 27320.637203574028
11784.646315916463 19585.30795358601
24488.336943341677 29405.804782658877
24621.659650855698 3254.002017426301
4884.131930385671 447.5535933791153
26919.088970299657 27678.867996117722
14804.748566448387 18503.939609559962
1869.5774402677523 19907.68345594634
6701.946798764967 24461.15483705703
16852.96278865514 22600.86866423191
18237.084541971504 12330.004882466512
9178.255673206228 27023.062414825665
459.05586833278613 4085.646033320949
29604.87629368448 17774.458925556974
22441.156856414407 27532.93771238193
29134.80138296704 24477.662289872605
22375.34383141137 13130.947538328968
1940.292701685342 14805.74256972893
2964.1564795550235 4098.809895046719
3102.4497473674496 28344.594003833565
20229.880773661 23451.31438612857
14083.856118221256 1827.6206441215782
9577.306819629077 21876.277548343605
1544.15488627767 23263.195059882095
1100.7464806025569 1566.912730331006
26230.419226808153 25395.264974268997
7717.774723404422 23261.08950906085
18234.734511955474 27794.88863552634
24741.44124933761 16815.55379372675
12909.469953813601 11675.418701524382
17969.514739333797 9656.83692669355
8166.242054895258 12256.466528467756
19273.593624732537 12401.763572570242
8757.63414092094 10171.702447899004
24012.750189891904 6829.141802905769
16451.276656518443 16022.973055612452
3375.6295465038156 8210.379618030982
6753.949249662613 10728.12584042138
26971.76073631389 1770.4599852932167
13028.893699063277 8792.382317379652
16647.104609291626 11751.860964648706
17472.59484655422 22052.97786405988
1590.6788642539727 1192.694352412682
15477.822017169883 7804.256433827276
27328.38560334843 1106.5009636679035
5407.764835049764 27505.295104996516
27166.97458483034 9264.804651071343
9741.666331255323 10504.56755349026
4055.3609097053645 21234.72707943258
25925.370982645698 11386.087388265512
3672.318933151887 29712.59430014033
26070.785177437894 29648.87325310828
15828.875528691975 22520.679865408125
23896.266509150435 16476.51562471343
20990.510699693474 24897.874703483045
14985.52846204085 15336.042657770662
21878.578138781853 7916.252719319626
22565.67369651138 21065.202041846675
26702.160329376646 11994.181351292247
15565.529609300473 25964.70077143086
10600.856518624318 12552.783516386331
28713.506744907805 1206.864260761904
25345.80938875214 3876.2393467000657
5869.730842373323 27604.597511532316
14250.566387110672 17187.58799028617
7660.274953088683 11454.461216834829
9585.180206693347 19840.355989716118
2791.8341075760077 28775.077654877452
13566.226641573976 24352.515455511275
19173.25543600707 4807.035904357734
1212.2445943158245 8772.941855154098
26155.867581340528 5122.844106884246
24008.374649582503 23571.721881649108
12827.617999038543 20115.446295562564
17415.785909446844 14884.328832387828
29356.545741186426 5991.200312611108
2790.768208988358 29515.84247787205
18877.20009901454 22688.166955528235
25245.16326441034 23625.09393967191
26349.123892546275 2372.9604218984423
3384.1226907907308 24459.75142209519
8189.606688248569 11339.350691752265
14698.944319341652 12902.0584984551
22293.420885914806 3239.211909420484
21672.0702029928 3911.103186543282
22300.33354233833 22621.344159273754
28368.107636687706 22211.159633998377
22656.710692640765 14736.122614757063
5439.025043180736 1776.832141833048
12140.59177364811 483.83044335625124
23063.49914401797 29804.38089856703
13080.155456244678 24241.97623272667
26369.64920704375 8934.807797038213
1493.5310136675062 17101.803045936147
